>> data =dlmread ('output20251018-193033.csv')
data =

  -2.5000e+01  -6.0559e-01
  -2.5000e+01  -6.0559e-01
  -2.5000e+01  -6.7419e-01
  -2.5000e+01   6.9779e-01
  -2.5000e+01  -1.9400e-01
  -2.5000e+01  -2.6260e-01
  -2.5000e+01  -2.6260e-01
  -2.5000e+01  -2.6260e-01
  -2.5000e+01  -2.6260e-01
  -2.5000e+01  -6.0559e-01
  -2.5000e+01   1.1799e-02
  -2.5000e+01   6.9779e-01
  -2.5000e+01   1.1799e-02
  -2.5000e+01   4.2339e-01
  -2.5000e+01   1.3838e+00
  -2.5000e+01   1.7268e+00
  -2.5000e+01   1.7268e+00
  -2.5000e+01   1.7268e+00
  -2.5000e+01   3.6475e+00
  -2.5000e+01   3.3045e+00
  -2.5000e+01   3.9219e+00
  -2.5000e+01   4.6079e+00
  -2.5000e+01   5.2253e+00
  -2.5000e+01   5.5683e+00
  -2.5000e+01   5.7741e+00
  -2.5000e+01   7.1461e+00
  -2.5000e+01   8.9297e+00
  -2.5000e+01   9.8214e+00
  -2.5000e+01   9.7528e+00
  -2.5000e+01   1.1948e+01
  -2.5000e+01   1.2085e+01
  -2.5000e+01   1.3251e+01
  -2.5000e+01   1.4623e+01
  -2.5000e+01   1.4075e+01
  -2.5000e+01   1.6887e+01
  -2.5000e+01   1.7985e+01
  -2.5000e+01   1.8739e+01
  -2.5000e+01   2.0111e+01
  -2.5000e+01   2.1346e+01
  -2.5000e+01   2.4707e+01
  -2.5000e+01   2.7040e+01
  -2.5000e+01   1.4829e+01
  -2.5000e+01   1.4829e+01
  -2.5000e+01   1.4898e+01
  -2.5000e+01   1.4829e+01
  -2.5000e+01   1.4829e+01
  -2.5000e+01   2.9304e+01
  -2.5000e+01   1.4829e+01
  -2.5000e+01   3.2322e+01
  -2.5000e+01   2.9372e+01
  -2.5000e+01   2.8892e+01
  -2.5000e+01   1.4898e+01
  -2.5000e+01   1.4829e+01
  -2.5000e+01   1.4829e+01
  -2.5000e+01   1.4829e+01
  -2.5000e+01   1.4829e+01
  -2.5000e+01   1.4829e+01
  -2.5000e+01   1.4829e+01
  -2.5000e+01   1.4829e+01
  -2.5000e+01   1.4829e+01
  -2.5000e+01   3.0950e+01
  -2.5000e+01   1.4829e+01
  -2.5000e+01   1.4898e+01
  -2.5000e+01   1.4829e+01
  -2.5000e+01   3.3900e+01
  -2.5000e+01   1.4898e+01
  -2.5000e+01   2.9304e+01
  -2.5000e+01   3.2665e+01
  -2.5000e+01   2.9304e+01
  -2.5000e+01   2.9647e+01
  -2.5000e+01   3.4654e+01
  -2.5000e+01   2.9784e+01
  -2.5000e+01   2.9715e+01
  -2.5000e+01   2.9715e+01
  -2.5000e+01   2.9304e+01
  -2.5000e+01   2.9304e+01
  -2.5000e+01   3.4243e+01
  -2.5000e+01   3.4800e+01
  -2.5000e+01   2.9304e+01
  -2.5000e+01   3.4800e+01
  -2.5000e+01   3.3076e+01
  -2.5000e+01   3.2733e+01
  -2.5000e+01   2.9647e+01
  -2.5000e+01   2.9304e+01
  -2.5000e+01   2.9304e+01
  -2.5000e+01   2.9372e+01
  -2.5000e+01   2.9304e+01
  -2.5000e+01   2.9304e+01
  -2.5000e+01   2.9441e+01
  -2.5000e+01   3.4243e+01
  -2.5000e+01   2.9715e+01
  -2.5000e+01   2.9304e+01
  -2.5000e+01   2.9304e+01
  -2.5000e+01   3.2871e+01
  -2.5000e+01   3.4311e+01
  -2.5000e+01   3.4380e+01
  -2.5000e+01   2.9715e+01
  -2.5000e+01   3.4243e+01
  -2.5000e+01   3.4243e+01
  -2.5000e+01   3.4800e+01
  -2.5000e+01   2.9304e+01
  -2.5000e+01   2.9235e+01
  -2.5000e+01   2.9304e+01
  -2.5000e+01   3.4800e+01
  -2.5000e+01   3.4800e+01
  -2.5000e+01   1.4829e+01
  -2.5000e+01   2.9304e+01
  -2.5000e+01   3.4800e+01
  -2.5000e+01   1.4829e+01
  -2.5000e+01   1.4829e+01
  -2.5000e+01   1.4829e+01
  -2.5000e+01   1.4829e+01
  -2.5000e+01   1.4829e+01
  -2.5000e+01   1.4829e+01
  -2.5000e+01   1.4829e+01
  -2.5000e+01   1.4829e+01
  -2.5000e+01   1.4829e+01
  -2.5000e+01   1.4829e+01
  -2.5000e+01   1.4829e+01
  -2.5000e+01   1.4829e+01
  -2.5000e+01   1.4829e+01
  -2.5000e+01   1.4761e+01
  -2.5000e+01   1.4829e+01
  -2.5000e+01   1.4829e+01
  -2.5000e+01   1.4829e+01
  -2.5000e+01   1.4761e+01
  -2.5000e+01   1.4829e+01
  -2.5000e+01   1.4898e+01
  -2.5000e+01   1.4829e+01
  -2.5000e+01   1.4898e+01
  -2.5000e+01   1.4829e+01
  -2.5000e+01   2.9235e+01
  -2.5000e+01   2.9304e+01
  -2.5000e+01   3.4800e+01
  -2.5000e+01   1.4829e+01
  -2.5000e+01   1.4829e+01
  -2.5000e+01   1.4829e+01
  -2.5000e+01   3.4654e+01
  -2.5000e+01   3.4800e+01
  -2.5000e+01   2.9372e+01
  -2.5000e+01   1.4829e+01
  -2.5000e+01   1.4829e+01
  -2.5000e+01   1.4829e+01

>> t=0:(numel(data(:,1))-1)
t =

 Columns 1 through 27:

     0     1     2     3     4     5     6     7     8     9    10    11    12    13    14    15    16    17    18    19    20    21    22    23    24    25    26

 Columns 28 through 54:

    27    28    29    30    31    32    33    34    35    36    37    38    39    40    41    42    43    44    45    46    47    48    49    50    51    52    53

 Columns 55 through 81:

    54    55    56    57    58    59    60    61    62    63    64    65    66    67    68    69    70    71    72    73    74    75    76    77    78    79    80

 Columns 82 through 108:

    81    82    83    84    85    86    87    88    89    90    91    92    93    94    95    96    97    98    99   100   101   102   103   104   105   106   107

 Columns 109 through 135:

   108   109   110   111   112   113   114   115   116   117   118   119   120   121   122   123   124   125   126   127   128   129   130   131   132   133   134

 Columns 136 through 143:

   135   136   137   138   139   140   141   142

>> t=t/50
t =

 Columns 1 through 18:

        0   0.0200   0.0400   0.0600   0.0800   0.1000   0.1200   0.1400   0.1600   0.1800   0.2000   0.2200   0.2400   0.2600   0.2800   0.3000   0.3200   0.3400

 Columns 19 through 36:

   0.3600   0.3800   0.4000   0.4200   0.4400   0.4600   0.4800   0.5000   0.5200   0.5400   0.5600   0.5800   0.6000   0.6200   0.6400   0.6600   0.6800   0.7000

 Columns 37 through 54:

   0.7200   0.7400   0.7600   0.7800   0.8000   0.8200   0.8400   0.8600   0.8800   0.9000   0.9200   0.9400   0.9600   0.9800   1.0000   1.0200   1.0400   1.0600

 Columns 55 through 72:

   1.0800   1.1000   1.1200   1.1400   1.1600   1.1800   1.2000   1.2200   1.2400   1.2600   1.2800   1.3000   1.3200   1.3400   1.3600   1.3800   1.4000   1.4200

 Columns 73 through 90:

   1.4400   1.4600   1.4800   1.5000   1.5200   1.5400   1.5600   1.5800   1.6000   1.6200   1.6400   1.6600   1.6800   1.7000   1.7200   1.7400   1.7600   1.7800

 Columns 91 through 108:

   1.8000   1.8200   1.8400   1.8600   1.8800   1.9000   1.9200   1.9400   1.9600   1.9800   2.0000   2.0200   2.0400   2.0600   2.0800   2.1000   2.1200   2.1400

 Columns 109 through 126:

   2.1600   2.1800   2.2000   2.2200   2.2400   2.2600   2.2800   2.3000   2.3200   2.3400   2.3600   2.3800   2.4000   2.4200   2.4400   2.4600   2.4800   2.5000

 Columns 127 through 143:

   2.5200   2.5400   2.5600   2.5800   2.6000   2.6200   2.6400   2.6600   2.6800   2.7000   2.7200   2.7400   2.7600   2.7800   2.8000   2.8200   2.8400

>> figure;
>> plot(t, data(:,1), 'linewidth', 2, t, data(:,2), '-.', 'linewidth', 2)
>> legend('Entrada', 'Posición medida', 'Posición simulada')
warning: legend: ignoring extra labels.
warning: called from
    legend>parse_opts at line 831 column 9
    legend at line 216 column 3

>> xlim([0 0.8])
>> xlabel('Tiempo [s]')
>> ylabel('Ángulo [⁰] o posición [m]')
>> gridñ;
error: syntax error

>>> gridñ;
        ^
>> grid;
>> diary off
